360488
492
568
753
847
948
949
955
957
997
1258
1294
1318
1359
1425
1432
1510
1540
1571
1595
1778
1899
1983
2002
2046
2147
2148
2149
2374
2411
2412
2471
2521
2522
2550
2555
2557
2605
2635
2733
2811
2898
2903
2906
2907
2910
2915
2923
2926
2928
2929
2930
2942
2944
2976
2980
2990
3024
3049
3070
3131
3218
3219
3220
3223
3238
3268
3393
3574
3575
3588
3636
3663
3673
3674
3684
3693
3711
3712
3781
3786
3789
3812
3826
3876
4043
4051
4057
4060
4061
4077
4089
4104
4110
4120
4125
4127
4131
4132
4173
4180
4205
4309
4450
4461
4469
4488
4495
4512
4513
4579
4608
4662
4681
4682
4683
4692
4726
4911
4915
4918
4980
5085
5111
5198
5295
5450
5468
5495
5588
5683
5748
5803
5827
5920
5937
5941
5942
5956
5970
5975
5977
6076
6129
6343
6350
6437
6442
6443
6445
6456
6465
6503
6696